Experiment dir : search-EXP-20201014-144430
10/14 02:44:30 PM gpu device = 0
10/14 02:44:30 PM args = Namespace(arch_learning_rate=0.0006, arch_weight_decay=0.001, batch_size=256, cutout=False, cutout_length=16, data='../data', drop_path_prob=0.3, epochs=50, gpu=0, grad_clip=5, init_channels=16, layers=8, learning_rate=0.1, learning_rate_min=0.001, model_path='saved_models', momentum=0.9, report_freq=50, save='search-EXP-20201014-144430', seed=101, set='cifar10', train_portion=0.5, unrolled=False, weight_decay=0.0003)
10/14 02:44:40 PM param size = 0.299578MB
Downloading https://www.cs.toronto.edu/~kriz/cifar-10-python.tar.gz to ../data/cifar-10-python.tar.gz
 99% 168910848/170498071 [00:11<00:00, 16166063.46it/s]Extracting ../data/cifar-10-python.tar.gz to ../data
/usr/local/lib/python3.6/dist-packages/torch/optim/lr_scheduler.py:123: UserWarning: Detected call of `lr_scheduler.step()` before `optimizer.step()`. In PyTorch 1.1.0 and later, you should call them in the opposite order: `optimizer.step()` before `lr_scheduler.step()`.  Failure to do this will result in PyTorch skipping the first value of the learning rate schedule. See more details at https://pytorch.org/docs/stable/optim.html#how-to-adjust-learning-rate
  "https://pytorch.org/docs/stable/optim.html#how-to-adjust-learning-rate", UserWarning)
/usr/local/lib/python3.6/dist-packages/torch/optim/lr_scheduler.py:484: UserWarning: To get the last learning rate computed by the scheduler, please use `get_last_lr()`.
  "please use `get_last_lr()`.", UserWarning)
10/14 02:44:54 PM epoch 0 lr 9.980474e-02
10/14 02:44:54 PM genotype = Genotype(normal=[('sep_conv_5x5', 1), ('skip_connect', 0), ('avg_pool_3x3', 2), ('avg_pool_3x3', 0), ('max_pool_3x3', 1), ('dil_conv_3x3', 2), ('dil_conv_5x5', 3), ('dil_conv_5x5', 0)], normal_concat=range(2, 6), reduce=[('max_pool_3x3', 0), ('dil_conv_5x5', 1), ('max_pool_3x3', 1), ('max_pool_3x3', 0), ('max_pool_3x3', 3), ('sep_conv_3x3', 0), ('avg_pool_3x3', 1), ('dil_conv_5x5', 3)], reduce_concat=range(2, 6))
tensor([[0.1250, 0.1249, 0.1252, 0.1252, 0.1249, 0.1251, 0.1249, 0.1249],
        [0.1249, 0.1250, 0.1251, 0.1249, 0.1250, 0.1252, 0.1250, 0.1249],
        [0.1249, 0.1251, 0.1252, 0.1249, 0.1250, 0.1250, 0.1249, 0.1251],
        [0.1251, 0.1248, 0.1251, 0.1250, 0.1250, 0.1249, 0.1250, 0.1251],
        [0.1251, 0.1251, 0.1253, 0.1249, 0.1250, 0.1248, 0.1250, 0.1249],
        [0.1250, 0.1250, 0.1251, 0.1249, 0.1251, 0.1250, 0.1250, 0.1249],
        [0.1249, 0.1252, 0.1251, 0.1250, 0.1250, 0.1250, 0.1250, 0.1248],
        [0.1251, 0.1250, 0.1251, 0.1251, 0.1250, 0.1246, 0.1252, 0.1249],
        [0.1251, 0.1249, 0.1252, 0.1250, 0.1250, 0.1251, 0.1249, 0.1248],
        [0.1248, 0.1251, 0.1249, 0.1251, 0.1249, 0.1252, 0.1248, 0.1252],
        [0.1250, 0.1251, 0.1248, 0.1249, 0.1250, 0.1252, 0.1250, 0.1250],
        [0.1249, 0.1250, 0.1251, 0.1251, 0.1250, 0.1250, 0.1251, 0.1248],
        [0.1251, 0.1249, 0.1248, 0.1248, 0.1251, 0.1249, 0.1251, 0.1252],
        [0.1251, 0.1250, 0.1250, 0.1250, 0.1250, 0.1249, 0.1250, 0.1250]],
       grad_fn=<SoftmaxBackward>)
tensor([[0.1248, 0.1252, 0.1251, 0.1250, 0.1250, 0.1250, 0.1251, 0.1248],
        [0.1250, 0.1251, 0.1249, 0.1250, 0.1250, 0.1251, 0.1248, 0.1251],
        [0.1250, 0.1252, 0.1250, 0.1249, 0.1251, 0.1249, 0.1251, 0.1248],
        [0.1249, 0.1252, 0.1249, 0.1249, 0.1251, 0.1251, 0.1251, 0.1250],
        [0.1250, 0.1252, 0.1249, 0.1248, 0.1251, 0.1249, 0.1249, 0.1251],
        [0.1249, 0.1249, 0.1250, 0.1250, 0.1252, 0.1250, 0.1251, 0.1248],
        [0.1249, 0.1250, 0.1249, 0.1250, 0.1251, 0.1249, 0.1252, 0.1249],
        [0.1250, 0.1248, 0.1251, 0.1250, 0.1251, 0.1250, 0.1250, 0.1249],
        [0.1250, 0.1252, 0.1251, 0.1251, 0.1249, 0.1249, 0.1249, 0.1250],
        [0.1249, 0.1249, 0.1250, 0.1250, 0.1249, 0.1252, 0.1249, 0.1251],
        [0.1251, 0.1247, 0.1252, 0.1250, 0.1251, 0.1250, 0.1249, 0.1251],
        [0.1249, 0.1252, 0.1250, 0.1250, 0.1249, 0.1248, 0.1251, 0.1250],
        [0.1248, 0.1251, 0.1249, 0.1249, 0.1250, 0.1249, 0.1250, 0.1252],
        [0.1250, 0.1251, 0.1249, 0.1250, 0.1251, 0.1249, 0.1250, 0.1250]],
       grad_fn=<SoftmaxBackward>)
tensor([0.3335, 0.3332, 0.3333], grad_fn=<SoftmaxBackward>)
train_search.py:172: UserWarning: torch.nn.utils.clip_grad_norm is now deprecated in favor of torch.nn.utils.clip_grad_norm_.
  nn.utils.clip_grad_norm(model.model_parameters(), args.grad_clip)
10/14 02:44:57 PM train 000 2.298697e+00 9.375000 54.687500
170500096it [00:30, 16166063.46it/s]                   10/14 02:45:55 PM train 050 1.857080e+00 29.388787 83.394608
10/14 02:46:50 PM train_acc 33.972000
10/14 02:46:50 PM epoch 1 lr 9.931790e-02
10/14 02:46:50 PM genotype = Genotype(normal=[('sep_conv_5x5', 1), ('skip_connect', 0), ('avg_pool_3x3', 2), ('avg_pool_3x3', 0), ('max_pool_3x3', 1), ('dil_conv_3x3', 2), ('dil_conv_5x5', 3), ('dil_conv_5x5', 0)], normal_concat=range(2, 6), reduce=[('max_pool_3x3', 0), ('dil_conv_5x5', 1), ('max_pool_3x3', 1), ('max_pool_3x3', 0), ('max_pool_3x3', 3), ('sep_conv_3x3', 0), ('avg_pool_3x3', 1), ('dil_conv_5x5', 3)], reduce_concat=range(2, 6))
tensor([[0.1250, 0.1249, 0.1252, 0.1252, 0.1249, 0.1251, 0.1249, 0.1249],
        [0.1249, 0.1250, 0.1251, 0.1249, 0.1250, 0.1252, 0.1250, 0.1249],
        [0.1249, 0.1251, 0.1252, 0.1249, 0.1250, 0.1250, 0.1249, 0.1251],
        [0.1251, 0.1248, 0.1251, 0.1250, 0.1250, 0.1249, 0.1250, 0.1251],
        [0.1251, 0.1251, 0.1253, 0.1249, 0.1250, 0.1248, 0.1250, 0.1249],
        [0.1250, 0.1250, 0.1251, 0.1249, 0.1251, 0.1250, 0.1250, 0.1249],
        [0.1249, 0.1252, 0.1251, 0.1250, 0.1250, 0.1250, 0.1250, 0.1248],
        [0.1251, 0.1250, 0.1251, 0.1251, 0.1250, 0.1246, 0.1252, 0.1249],
        [0.1251, 0.1249, 0.1252, 0.1250, 0.1250, 0.1251, 0.1249, 0.1248],
        [0.1248, 0.1251, 0.1249, 0.1251, 0.1249, 0.1252, 0.1248, 0.1252],
        [0.1250, 0.1251, 0.1248, 0.1249, 0.1250, 0.1252, 0.1250, 0.1250],
        [0.1249, 0.1250, 0.1251, 0.1251, 0.1250, 0.1250, 0.1251, 0.1248],
        [0.1251, 0.1249, 0.1248, 0.1248, 0.1251, 0.1249, 0.1251, 0.1252],
        [0.1251, 0.1250, 0.1250, 0.1250, 0.1250, 0.1249, 0.1250, 0.1250]],
       grad_fn=<SoftmaxBackward>)
tensor([[0.1248, 0.1252, 0.1251, 0.1250, 0.1250, 0.1250, 0.1251, 0.1248],
        [0.1250, 0.1251, 0.1249, 0.1250, 0.1250, 0.1251, 0.1248, 0.1251],
        [0.1250, 0.1252, 0.1250, 0.1249, 0.1251, 0.1249, 0.1251, 0.1248],
        [0.1249, 0.1252, 0.1249, 0.1249, 0.1251, 0.1251, 0.1251, 0.1250],
        [0.1250, 0.1252, 0.1249, 0.1248, 0.1251, 0.1249, 0.1249, 0.1251],
        [0.1249, 0.1249, 0.1250, 0.1250, 0.1252, 0.1250, 0.1251, 0.1248],
        [0.1249, 0.1250, 0.1249, 0.1250, 0.1251, 0.1249, 0.1252, 0.1249],
        [0.1250, 0.1248, 0.1251, 0.1250, 0.1251, 0.1250, 0.1250, 0.1249],
        [0.1250, 0.1252, 0.1251, 0.1251, 0.1249, 0.1249, 0.1249, 0.1250],
        [0.1249, 0.1249, 0.1250, 0.1250, 0.1249, 0.1252, 0.1249, 0.1251],
        [0.1251, 0.1247, 0.1252, 0.1250, 0.1251, 0.1250, 0.1249, 0.1251],
        [0.1249, 0.1252, 0.1250, 0.1250, 0.1249, 0.1248, 0.1251, 0.1250],
        [0.1248, 0.1251, 0.1249, 0.1249, 0.1250, 0.1249, 0.1250, 0.1252],
        [0.1250, 0.1251, 0.1249, 0.1250, 0.1251, 0.1249, 0.1250, 0.1250]],
       grad_fn=<SoftmaxBackward>)
tensor([0.3335, 0.3332, 0.3333], grad_fn=<SoftmaxBackward>)
10/14 02:46:52 PM train 000 1.605413e+00 41.015625 89.843750
10/14 02:47:50 PM train 050 1.490488e+00 43.949142 92.187500
10/14 02:48:44 PM train_acc 46.412000
10/14 02:48:44 PM epoch 2 lr 9.863916e-02
10/14 02:48:44 PM genotype = Genotype(normal=[('sep_conv_5x5', 1), ('skip_connect', 0), ('avg_pool_3x3', 2), ('avg_pool_3x3', 0), ('max_pool_3x3', 1), ('dil_conv_3x3', 2), ('dil_conv_5x5', 3), ('dil_conv_5x5', 0)], normal_concat=range(2, 6), reduce=[('max_pool_3x3', 0), ('dil_conv_5x5', 1), ('max_pool_3x3', 1), ('max_pool_3x3', 0), ('max_pool_3x3', 3), ('sep_conv_3x3', 0), ('avg_pool_3x3', 1), ('dil_conv_5x5', 3)], reduce_concat=range(2, 6))
tensor([[0.1250, 0.1249, 0.1252, 0.1252, 0.1249, 0.1251, 0.1249, 0.1249],
        [0.1249, 0.1250, 0.1251, 0.1249, 0.1250, 0.1252, 0.1250, 0.1249],
        [0.1249, 0.1251, 0.1252, 0.1249, 0.1250, 0.1250, 0.1249, 0.1251],
        [0.1251, 0.1248, 0.1251, 0.1250, 0.1250, 0.1249, 0.1250, 0.1251],
        [0.1251, 0.1251, 0.1253, 0.1249, 0.1250, 0.1248, 0.1250, 0.1249],
        [0.1250, 0.1250, 0.1251, 0.1249, 0.1251, 0.1250, 0.1250, 0.1249],
        [0.1249, 0.1252, 0.1251, 0.1250, 0.1250, 0.1250, 0.1250, 0.1248],
        [0.1251, 0.1250, 0.1251, 0.1251, 0.1250, 0.1246, 0.1252, 0.1249],
        [0.1251, 0.1249, 0.1252, 0.1250, 0.1250, 0.1251, 0.1249, 0.1248],
        [0.1248, 0.1251, 0.1249, 0.1251, 0.1249, 0.1252, 0.1248, 0.1252],
        [0.1250, 0.1251, 0.1248, 0.1249, 0.1250, 0.1252, 0.1250, 0.1250],
        [0.1249, 0.1250, 0.1251, 0.1251, 0.1250, 0.1250, 0.1251, 0.1248],
        [0.1251, 0.1249, 0.1248, 0.1248, 0.1251, 0.1249, 0.1251, 0.1252],
        [0.1251, 0.1250, 0.1250, 0.1250, 0.1250, 0.1249, 0.1250, 0.1250]],
       grad_fn=<SoftmaxBackward>)
tensor([[0.1248, 0.1252, 0.1251, 0.1250, 0.1250, 0.1250, 0.1251, 0.1248],
        [0.1250, 0.1251, 0.1249, 0.1250, 0.1250, 0.1251, 0.1248, 0.1251],
        [0.1250, 0.1252, 0.1250, 0.1249, 0.1251, 0.1249, 0.1251, 0.1248],
        [0.1249, 0.1252, 0.1249, 0.1249, 0.1251, 0.1251, 0.1251, 0.1250],
        [0.1250, 0.1252, 0.1249, 0.1248, 0.1251, 0.1249, 0.1249, 0.1251],
        [0.1249, 0.1249, 0.1250, 0.1250, 0.1252, 0.1250, 0.1251, 0.1248],
        [0.1249, 0.1250, 0.1249, 0.1250, 0.1251, 0.1249, 0.1252, 0.1249],
        [0.1250, 0.1248, 0.1251, 0.1250, 0.1251, 0.1250, 0.1250, 0.1249],
        [0.1250, 0.1252, 0.1251, 0.1251, 0.1249, 0.1249, 0.1249, 0.1250],
        [0.1249, 0.1249, 0.1250, 0.1250, 0.1249, 0.1252, 0.1249, 0.1251],
        [0.1251, 0.1247, 0.1252, 0.1250, 0.1251, 0.1250, 0.1249, 0.1251],
        [0.1249, 0.1252, 0.1250, 0.1250, 0.1249, 0.1248, 0.1251, 0.1250],
        [0.1248, 0.1251, 0.1249, 0.1249, 0.1250, 0.1249, 0.1250, 0.1252],
        [0.1250, 0.1251, 0.1249, 0.1250, 0.1251, 0.1249, 0.1250, 0.1250]],
       grad_fn=<SoftmaxBackward>)
tensor([0.3335, 0.3332, 0.3333], grad_fn=<SoftmaxBackward>)
10/14 02:48:46 PM train 000 1.292986e+00 55.468750 94.140625
10/14 02:49:44 PM train 050 1.286841e+00 52.772672 94.385723
10/14 02:50:38 PM train_acc 53.720000
10/14 02:50:39 PM epoch 3 lr 9.777120e-02
10/14 02:50:39 PM genotype = Genotype(normal=[('sep_conv_5x5', 1), ('skip_connect', 0), ('avg_pool_3x3', 2), ('avg_pool_3x3', 0), ('max_pool_3x3', 1), ('dil_conv_3x3', 2), ('dil_conv_5x5', 3), ('dil_conv_5x5', 0)], normal_concat=range(2, 6), reduce=[('max_pool_3x3', 0), ('dil_conv_5x5', 1), ('max_pool_3x3', 1), ('max_pool_3x3', 0), ('max_pool_3x3', 3), ('sep_conv_3x3', 0), ('avg_pool_3x3', 1), ('dil_conv_5x5', 3)], reduce_concat=range(2, 6))
tensor([[0.1250, 0.1249, 0.1252, 0.1252, 0.1249, 0.1251, 0.1249, 0.1249],
        [0.1249, 0.1250, 0.1251, 0.1249, 0.1250, 0.1252, 0.1250, 0.1249],
        [0.1249, 0.1251, 0.1252, 0.1249, 0.1250, 0.1250, 0.1249, 0.1251],
        [0.1251, 0.1248, 0.1251, 0.1250, 0.1250, 0.1249, 0.1250, 0.1251],
        [0.1251, 0.1251, 0.1253, 0.1249, 0.1250, 0.1248, 0.1250, 0.1249],
        [0.1250, 0.1250, 0.1251, 0.1249, 0.1251, 0.1250, 0.1250, 0.1249],
        [0.1249, 0.1252, 0.1251, 0.1250, 0.1250, 0.1250, 0.1250, 0.1248],
        [0.1251, 0.1250, 0.1251, 0.1251, 0.1250, 0.1246, 0.1252, 0.1249],
        [0.1251, 0.1249, 0.1252, 0.1250, 0.1250, 0.1251, 0.1249, 0.1248],
        [0.1248, 0.1251, 0.1249, 0.1251, 0.1249, 0.1252, 0.1248, 0.1252],
        [0.1250, 0.1251, 0.1248, 0.1249, 0.1250, 0.1252, 0.1250, 0.1250],
        [0.1249, 0.1250, 0.1251, 0.1251, 0.1250, 0.1250, 0.1251, 0.1248],
        [0.1251, 0.1249, 0.1248, 0.1248, 0.1251, 0.1249, 0.1251, 0.1252],
        [0.1251, 0.1250, 0.1250, 0.1250, 0.1250, 0.1249, 0.1250, 0.1250]],
       grad_fn=<SoftmaxBackward>)
tensor([[0.1248, 0.1252, 0.1251, 0.1250, 0.1250, 0.1250, 0.1251, 0.1248],
        [0.1250, 0.1251, 0.1249, 0.1250, 0.1250, 0.1251, 0.1248, 0.1251],
        [0.1250, 0.1252, 0.1250, 0.1249, 0.1251, 0.1249, 0.1251, 0.1248],
        [0.1249, 0.1252, 0.1249, 0.1249, 0.1251, 0.1251, 0.1251, 0.1250],
        [0.1250, 0.1252, 0.1249, 0.1248, 0.1251, 0.1249, 0.1249, 0.1251],
        [0.1249, 0.1249, 0.1250, 0.1250, 0.1252, 0.1250, 0.1251, 0.1248],
        [0.1249, 0.1250, 0.1249, 0.1250, 0.1251, 0.1249, 0.1252, 0.1249],
        [0.1250, 0.1248, 0.1251, 0.1250, 0.1251, 0.1250, 0.1250, 0.1249],
        [0.1250, 0.1252, 0.1251, 0.1251, 0.1249, 0.1249, 0.1249, 0.1250],
        [0.1249, 0.1249, 0.1250, 0.1250, 0.1249, 0.1252, 0.1249, 0.1251],
        [0.1251, 0.1247, 0.1252, 0.1250, 0.1251, 0.1250, 0.1249, 0.1251],
        [0.1249, 0.1252, 0.1250, 0.1250, 0.1249, 0.1248, 0.1251, 0.1250],
        [0.1248, 0.1251, 0.1249, 0.1249, 0.1250, 0.1249, 0.1250, 0.1252],
        [0.1250, 0.1251, 0.1249, 0.1250, 0.1251, 0.1249, 0.1250, 0.1250]],
       grad_fn=<SoftmaxBackward>)
tensor([0.3335, 0.3332, 0.3333], grad_fn=<SoftmaxBackward>)
10/14 02:50:41 PM train 000 1.246376e+00 53.125000 94.921875
10/14 02:51:39 PM train 050 1.173009e+00 57.751225 95.833333
10/14 02:52:33 PM train_acc 58.780000
10/14 02:52:33 PM epoch 4 lr 9.671745e-02
10/14 02:52:33 PM genotype = Genotype(normal=[('sep_conv_5x5', 1), ('skip_connect', 0), ('avg_pool_3x3', 2), ('avg_pool_3x3', 0), ('max_pool_3x3', 1), ('dil_conv_3x3', 2), ('dil_conv_5x5', 3), ('dil_conv_5x5', 0)], normal_concat=range(2, 6), reduce=[('max_pool_3x3', 0), ('dil_conv_5x5', 1), ('max_pool_3x3', 1), ('max_pool_3x3', 0), ('max_pool_3x3', 3), ('sep_conv_3x3', 0), ('avg_pool_3x3', 1), ('dil_conv_5x5', 3)], reduce_concat=range(2, 6))
tensor([[0.1250, 0.1249, 0.1252, 0.1252, 0.1249, 0.1251, 0.1249, 0.1249],
        [0.1249, 0.1250, 0.1251, 0.1249, 0.1250, 0.1252, 0.1250, 0.1249],
        [0.1249, 0.1251, 0.1252, 0.1249, 0.1250, 0.1250, 0.1249, 0.1251],
        [0.1251, 0.1248, 0.1251, 0.1250, 0.1250, 0.1249, 0.1250, 0.1251],
        [0.1251, 0.1251, 0.1253, 0.1249, 0.1250, 0.1248, 0.1250, 0.1249],
        [0.1250, 0.1250, 0.1251, 0.1249, 0.1251, 0.1250, 0.1250, 0.1249],
        [0.1249, 0.1252, 0.1251, 0.1250, 0.1250, 0.1250, 0.1250, 0.1248],
        [0.1251, 0.1250, 0.1251, 0.1251, 0.1250, 0.1246, 0.1252, 0.1249],
        [0.1251, 0.1249, 0.1252, 0.1250, 0.1250, 0.1251, 0.1249, 0.1248],
        [0.1248, 0.1251, 0.1249, 0.1251, 0.1249, 0.1252, 0.1248, 0.1252],
        [0.1250, 0.1251, 0.1248, 0.1249, 0.1250, 0.1252, 0.1250, 0.1250],
        [0.1249, 0.1250, 0.1251, 0.1251, 0.1250, 0.1250, 0.1251, 0.1248],
        [0.1251, 0.1249, 0.1248, 0.1248, 0.1251, 0.1249, 0.1251, 0.1252],
        [0.1251, 0.1250, 0.1250, 0.1250, 0.1250, 0.1249, 0.1250, 0.1250]],
       grad_fn=<SoftmaxBackward>)
tensor([[0.1248, 0.1252, 0.1251, 0.1250, 0.1250, 0.1250, 0.1251, 0.1248],
        [0.1250, 0.1251, 0.1249, 0.1250, 0.1250, 0.1251, 0.1248, 0.1251],
        [0.1250, 0.1252, 0.1250, 0.1249, 0.1251, 0.1249, 0.1251, 0.1248],
        [0.1249, 0.1252, 0.1249, 0.1249, 0.1251, 0.1251, 0.1251, 0.1250],
        [0.1250, 0.1252, 0.1249, 0.1248, 0.1251, 0.1249, 0.1249, 0.1251],
        [0.1249, 0.1249, 0.1250, 0.1250, 0.1252, 0.1250, 0.1251, 0.1248],
        [0.1249, 0.1250, 0.1249, 0.1250, 0.1251, 0.1249, 0.1252, 0.1249],
        [0.1250, 0.1248, 0.1251, 0.1250, 0.1251, 0.1250, 0.1250, 0.1249],
        [0.1250, 0.1252, 0.1251, 0.1251, 0.1249, 0.1249, 0.1249, 0.1250],
        [0.1249, 0.1249, 0.1250, 0.1250, 0.1249, 0.1252, 0.1249, 0.1251],
        [0.1251, 0.1247, 0.1252, 0.1250, 0.1251, 0.1250, 0.1249, 0.1251],
        [0.1249, 0.1252, 0.1250, 0.1250, 0.1249, 0.1248, 0.1251, 0.1250],
        [0.1248, 0.1251, 0.1249, 0.1249, 0.1250, 0.1249, 0.1250, 0.1252],
        [0.1250, 0.1251, 0.1249, 0.1250, 0.1251, 0.1249, 0.1250, 0.1250]],
       grad_fn=<SoftmaxBackward>)
tensor([0.3335, 0.3332, 0.3333], grad_fn=<SoftmaxBackward>)
10/14 02:52:35 PM train 000 1.071389e+00 60.546875 96.484375
10/14 02:53:33 PM train 050 1.085009e+00 60.883885 96.308211
10/14 02:54:27 PM train_acc 61.560000
10/14 02:54:28 PM epoch 5 lr 9.548206e-02
10/14 02:54:28 PM genotype = Genotype(normal=[('sep_conv_5x5', 1), ('skip_connect', 0), ('avg_pool_3x3', 2), ('avg_pool_3x3', 0), ('max_pool_3x3', 1), ('dil_conv_3x3', 2), ('dil_conv_5x5', 3), ('dil_conv_5x5', 0)], normal_concat=range(2, 6), reduce=[('max_pool_3x3', 0), ('dil_conv_5x5', 1), ('max_pool_3x3', 1), ('max_pool_3x3', 0), ('max_pool_3x3', 3), ('sep_conv_3x3', 0), ('avg_pool_3x3', 1), ('dil_conv_5x5', 3)], reduce_concat=range(2, 6))
tensor([[0.1250, 0.1249, 0.1252, 0.1252, 0.1249, 0.1251, 0.1249, 0.1249],
        [0.1249, 0.1250, 0.1251, 0.1249, 0.1250, 0.1252, 0.1250, 0.1249],
        [0.1249, 0.1251, 0.1252, 0.1249, 0.1250, 0.1250, 0.1249, 0.1251],
        [0.1251, 0.1248, 0.1251, 0.1250, 0.1250, 0.1249, 0.1250, 0.1251],
        [0.1251, 0.1251, 0.1253, 0.1249, 0.1250, 0.1248, 0.1250, 0.1249],
        [0.1250, 0.1250, 0.1251, 0.1249, 0.1251, 0.1250, 0.1250, 0.1249],
        [0.1249, 0.1252, 0.1251, 0.1250, 0.1250, 0.1250, 0.1250, 0.1248],
        [0.1251, 0.1250, 0.1251, 0.1251, 0.1250, 0.1246, 0.1252, 0.1249],
        [0.1251, 0.1249, 0.1252, 0.1250, 0.1250, 0.1251, 0.1249, 0.1248],
        [0.1248, 0.1251, 0.1249, 0.1251, 0.1249, 0.1252, 0.1248, 0.1252],
        [0.1250, 0.1251, 0.1248, 0.1249, 0.1250, 0.1252, 0.1250, 0.1250],
        [0.1249, 0.1250, 0.1251, 0.1251, 0.1250, 0.1250, 0.1251, 0.1248],
        [0.1251, 0.1249, 0.1248, 0.1248, 0.1251, 0.1249, 0.1251, 0.1252],
        [0.1251, 0.1250, 0.1250, 0.1250, 0.1250, 0.1249, 0.1250, 0.1250]],
       grad_fn=<SoftmaxBackward>)
tensor([[0.1248, 0.1252, 0.1251, 0.1250, 0.1250, 0.1250, 0.1251, 0.1248],
        [0.1250, 0.1251, 0.1249, 0.1250, 0.1250, 0.1251, 0.1248, 0.1251],
        [0.1250, 0.1252, 0.1250, 0.1249, 0.1251, 0.1249, 0.1251, 0.1248],
        [0.1249, 0.1252, 0.1249, 0.1249, 0.1251, 0.1251, 0.1251, 0.1250],
        [0.1250, 0.1252, 0.1249, 0.1248, 0.1251, 0.1249, 0.1249, 0.1251],
        [0.1249, 0.1249, 0.1250, 0.1250, 0.1252, 0.1250, 0.1251, 0.1248],
        [0.1249, 0.1250, 0.1249, 0.1250, 0.1251, 0.1249, 0.1252, 0.1249],
        [0.1250, 0.1248, 0.1251, 0.1250, 0.1251, 0.1250, 0.1250, 0.1249],
        [0.1250, 0.1252, 0.1251, 0.1251, 0.1249, 0.1249, 0.1249, 0.1250],
        [0.1249, 0.1249, 0.1250, 0.1250, 0.1249, 0.1252, 0.1249, 0.1251],
        [0.1251, 0.1247, 0.1252, 0.1250, 0.1251, 0.1250, 0.1249, 0.1251],
        [0.1249, 0.1252, 0.1250, 0.1250, 0.1249, 0.1248, 0.1251, 0.1250],
        [0.1248, 0.1251, 0.1249, 0.1249, 0.1250, 0.1249, 0.1250, 0.1252],
        [0.1250, 0.1251, 0.1249, 0.1250, 0.1251, 0.1249, 0.1250, 0.1250]],
       grad_fn=<SoftmaxBackward>)
tensor([0.3335, 0.3332, 0.3333], grad_fn=<SoftmaxBackward>)
10/14 02:54:30 PM train 000 1.056313e+00 56.640625 98.046875
10/14 02:55:28 PM train 050 1.020717e+00 63.181679 96.767770
10/14 02:56:22 PM train_acc 63.836000
10/14 02:56:22 PM epoch 6 lr 9.406991e-02
10/14 02:56:22 PM genotype = Genotype(normal=[('sep_conv_5x5', 1), ('skip_connect', 0), ('avg_pool_3x3', 2), ('avg_pool_3x3', 0), ('max_pool_3x3', 1), ('dil_conv_3x3', 2), ('dil_conv_5x5', 3), ('dil_conv_5x5', 0)], normal_concat=range(2, 6), reduce=[('max_pool_3x3', 0), ('dil_conv_5x5', 1), ('max_pool_3x3', 1), ('max_pool_3x3', 0), ('max_pool_3x3', 3), ('sep_conv_3x3', 0), ('avg_pool_3x3', 1), ('dil_conv_5x5', 3)], reduce_concat=range(2, 6))
tensor([[0.1250, 0.1249, 0.1252, 0.1252, 0.1249, 0.1251, 0.1249, 0.1249],
        [0.1249, 0.1250, 0.1251, 0.1249, 0.1250, 0.1252, 0.1250, 0.1249],
        [0.1249, 0.1251, 0.1252, 0.1249, 0.1250, 0.1250, 0.1249, 0.1251],
        [0.1251, 0.1248, 0.1251, 0.1250, 0.1250, 0.1249, 0.1250, 0.1251],
        [0.1251, 0.1251, 0.1253, 0.1249, 0.1250, 0.1248, 0.1250, 0.1249],
        [0.1250, 0.1250, 0.1251, 0.1249, 0.1251, 0.1250, 0.1250, 0.1249],
        [0.1249, 0.1252, 0.1251, 0.1250, 0.1250, 0.1250, 0.1250, 0.1248],
        [0.1251, 0.1250, 0.1251, 0.1251, 0.1250, 0.1246, 0.1252, 0.1249],
        [0.1251, 0.1249, 0.1252, 0.1250, 0.1250, 0.1251, 0.1249, 0.1248],
        [0.1248, 0.1251, 0.1249, 0.1251, 0.1249, 0.1252, 0.1248, 0.1252],
        [0.1250, 0.1251, 0.1248, 0.1249, 0.1250, 0.1252, 0.1250, 0.1250],
        [0.1249, 0.1250, 0.1251, 0.1251, 0.1250, 0.1250, 0.1251, 0.1248],
        [0.1251, 0.1249, 0.1248, 0.1248, 0.1251, 0.1249, 0.1251, 0.1252],
        [0.1251, 0.1250, 0.1250, 0.1250, 0.1250, 0.1249, 0.1250, 0.1250]],
       grad_fn=<SoftmaxBackward>)
tensor([[0.1248, 0.1252, 0.1251, 0.1250, 0.1250, 0.1250, 0.1251, 0.1248],
        [0.1250, 0.1251, 0.1249, 0.1250, 0.1250, 0.1251, 0.1248, 0.1251],
        [0.1250, 0.1252, 0.1250, 0.1249, 0.1251, 0.1249, 0.1251, 0.1248],
        [0.1249, 0.1252, 0.1249, 0.1249, 0.1251, 0.1251, 0.1251, 0.1250],
        [0.1250, 0.1252, 0.1249, 0.1248, 0.1251, 0.1249, 0.1249, 0.1251],
        [0.1249, 0.1249, 0.1250, 0.1250, 0.1252, 0.1250, 0.1251, 0.1248],
        [0.1249, 0.1250, 0.1249, 0.1250, 0.1251, 0.1249, 0.1252, 0.1249],
        [0.1250, 0.1248, 0.1251, 0.1250, 0.1251, 0.1250, 0.1250, 0.1249],
        [0.1250, 0.1252, 0.1251, 0.1251, 0.1249, 0.1249, 0.1249, 0.1250],
        [0.1249, 0.1249, 0.1250, 0.1250, 0.1249, 0.1252, 0.1249, 0.1251],
        [0.1251, 0.1247, 0.1252, 0.1250, 0.1251, 0.1250, 0.1249, 0.1251],
        [0.1249, 0.1252, 0.1250, 0.1250, 0.1249, 0.1248, 0.1251, 0.1250],
        [0.1248, 0.1251, 0.1249, 0.1249, 0.1250, 0.1249, 0.1250, 0.1252],
        [0.1250, 0.1251, 0.1249, 0.1250, 0.1251, 0.1249, 0.1250, 0.1250]],
       grad_fn=<SoftmaxBackward>)
tensor([0.3335, 0.3332, 0.3333], grad_fn=<SoftmaxBackward>)
10/14 02:56:24 PM train 000 9.519985e-01 65.625000 96.484375
10/14 02:57:23 PM train 050 9.596044e-01 65.655637 97.074142
10/14 02:58:17 PM train_acc 65.912000
10/14 02:58:17 PM epoch 7 lr 9.248656e-02
10/14 02:58:17 PM genotype = Genotype(normal=[('sep_conv_5x5', 1), ('skip_connect', 0), ('avg_pool_3x3', 2), ('avg_pool_3x3', 0), ('max_pool_3x3', 1), ('dil_conv_3x3', 2), ('dil_conv_5x5', 3), ('dil_conv_5x5', 0)], normal_concat=range(2, 6), reduce=[('max_pool_3x3', 0), ('dil_conv_5x5', 1), ('max_pool_3x3', 1), ('max_pool_3x3', 0), ('max_pool_3x3', 3), ('sep_conv_3x3', 0), ('avg_pool_3x3', 1), ('dil_conv_5x5', 3)], reduce_concat=range(2, 6))
tensor([[0.1250, 0.1249, 0.1252, 0.1252, 0.1249, 0.1251, 0.1249, 0.1249],
        [0.1249, 0.1250, 0.1251, 0.1249, 0.1250, 0.1252, 0.1250, 0.1249],
        [0.1249, 0.1251, 0.1252, 0.1249, 0.1250, 0.1250, 0.1249, 0.1251],
        [0.1251, 0.1248, 0.1251, 0.1250, 0.1250, 0.1249, 0.1250, 0.1251],
        [0.1251, 0.1251, 0.1253, 0.1249, 0.1250, 0.1248, 0.1250, 0.1249],
        [0.1250, 0.1250, 0.1251, 0.1249, 0.1251, 0.1250, 0.1250, 0.1249],
        [0.1249, 0.1252, 0.1251, 0.1250, 0.1250, 0.1250, 0.1250, 0.1248],
        [0.1251, 0.1250, 0.1251, 0.1251, 0.1250, 0.1246, 0.1252, 0.1249],
        [0.1251, 0.1249, 0.1252, 0.1250, 0.1250, 0.1251, 0.1249, 0.1248],
        [0.1248, 0.1251, 0.1249, 0.1251, 0.1249, 0.1252, 0.1248, 0.1252],
        [0.1250, 0.1251, 0.1248, 0.1249, 0.1250, 0.1252, 0.1250, 0.1250],
        [0.1249, 0.1250, 0.1251, 0.1251, 0.1250, 0.1250, 0.1251, 0.1248],
        [0.1251, 0.1249, 0.1248, 0.1248, 0.1251, 0.1249, 0.1251, 0.1252],
        [0.1251, 0.1250, 0.1250, 0.1250, 0.1250, 0.1249, 0.1250, 0.1250]],
       grad_fn=<SoftmaxBackward>)
tensor([[0.1248, 0.1252, 0.1251, 0.1250, 0.1250, 0.1250, 0.1251, 0.1248],
        [0.1250, 0.1251, 0.1249, 0.1250, 0.1250, 0.1251, 0.1248, 0.1251],
        [0.1250, 0.1252, 0.1250, 0.1249, 0.1251, 0.1249, 0.1251, 0.1248],
        [0.1249, 0.1252, 0.1249, 0.1249, 0.1251, 0.1251, 0.1251, 0.1250],
        [0.1250, 0.1252, 0.1249, 0.1248, 0.1251, 0.1249, 0.1249, 0.1251],
        [0.1249, 0.1249, 0.1250, 0.1250, 0.1252, 0.1250, 0.1251, 0.1248],
        [0.1249, 0.1250, 0.1249, 0.1250, 0.1251, 0.1249, 0.1252, 0.1249],
        [0.1250, 0.1248, 0.1251, 0.1250, 0.1251, 0.1250, 0.1250, 0.1249],
        [0.1250, 0.1252, 0.1251, 0.1251, 0.1249, 0.1249, 0.1249, 0.1250],
        [0.1249, 0.1249, 0.1250, 0.1250, 0.1249, 0.1252, 0.1249, 0.1251],
        [0.1251, 0.1247, 0.1252, 0.1250, 0.1251, 0.1250, 0.1249, 0.1251],
        [0.1249, 0.1252, 0.1250, 0.1250, 0.1249, 0.1248, 0.1251, 0.1250],
        [0.1248, 0.1251, 0.1249, 0.1249, 0.1250, 0.1249, 0.1250, 0.1252],
        [0.1250, 0.1251, 0.1249, 0.1250, 0.1251, 0.1249, 0.1250, 0.1250]],
       grad_fn=<SoftmaxBackward>)
tensor([0.3335, 0.3332, 0.3333], grad_fn=<SoftmaxBackward>)
10/14 02:58:19 PM train 000 9.067371e-01 64.062500 98.046875
10/14 02:59:18 PM train 050 9.056788e-01 67.677696 97.617953
10/14 03:00:12 PM train_acc 67.724000
10/14 03:00:12 PM epoch 8 lr 9.073826e-02
10/14 03:00:12 PM genotype = Genotype(normal=[('sep_conv_5x5', 1), ('skip_connect', 0), ('avg_pool_3x3', 2), ('avg_pool_3x3', 0), ('max_pool_3x3', 1), ('dil_conv_3x3', 2), ('dil_conv_5x5', 3), ('dil_conv_5x5', 0)], normal_concat=range(2, 6), reduce=[('max_pool_3x3', 0), ('dil_conv_5x5', 1), ('max_pool_3x3', 1), ('max_pool_3x3', 0), ('max_pool_3x3', 3), ('sep_conv_3x3', 0), ('avg_pool_3x3', 1), ('dil_conv_5x5', 3)], reduce_concat=range(2, 6))
tensor([[0.1250, 0.1249, 0.1252, 0.1252, 0.1249, 0.1251, 0.1249, 0.1249],
        [0.1249, 0.1250, 0.1251, 0.1249, 0.1250, 0.1252, 0.1250, 0.1249],
        [0.1249, 0.1251, 0.1252, 0.1249, 0.1250, 0.1250, 0.1249, 0.1251],
        [0.1251, 0.1248, 0.1251, 0.1250, 0.1250, 0.1249, 0.1250, 0.1251],
        [0.1251, 0.1251, 0.1253, 0.1249, 0.1250, 0.1248, 0.1250, 0.1249],
        [0.1250, 0.1250, 0.1251, 0.1249, 0.1251, 0.1250, 0.1250, 0.1249],
        [0.1249, 0.1252, 0.1251, 0.1250, 0.1250, 0.1250, 0.1250, 0.1248],
        [0.1251, 0.1250, 0.1251, 0.1251, 0.1250, 0.1246, 0.1252, 0.1249],
        [0.1251, 0.1249, 0.1252, 0.1250, 0.1250, 0.1251, 0.1249, 0.1248],
        [0.1248, 0.1251, 0.1249, 0.1251, 0.1249, 0.1252, 0.1248, 0.1252],
        [0.1250, 0.1251, 0.1248, 0.1249, 0.1250, 0.1252, 0.1250, 0.1250],
        [0.1249, 0.1250, 0.1251, 0.1251, 0.1250, 0.1250, 0.1251, 0.1248],
        [0.1251, 0.1249, 0.1248, 0.1248, 0.1251, 0.1249, 0.1251, 0.1252],
        [0.1251, 0.1250, 0.1250, 0.1250, 0.1250, 0.1249, 0.1250, 0.1250]],
       grad_fn=<SoftmaxBackward>)
tensor([[0.1248, 0.1252, 0.1251, 0.1250, 0.1250, 0.1250, 0.1251, 0.1248],
        [0.1250, 0.1251, 0.1249, 0.1250, 0.1250, 0.1251, 0.1248, 0.1251],
        [0.1250, 0.1252, 0.1250, 0.1249, 0.1251, 0.1249, 0.1251, 0.1248],
        [0.1249, 0.1252, 0.1249, 0.1249, 0.1251, 0.1251, 0.1251, 0.1250],
        [0.1250, 0.1252, 0.1249, 0.1248, 0.1251, 0.1249, 0.1249, 0.1251],
        [0.1249, 0.1249, 0.1250, 0.1250, 0.1252, 0.1250, 0.1251, 0.1248],
        [0.1249, 0.1250, 0.1249, 0.1250, 0.1251, 0.1249, 0.1252, 0.1249],
        [0.1250, 0.1248, 0.1251, 0.1250, 0.1251, 0.1250, 0.1250, 0.1249],
        [0.1250, 0.1252, 0.1251, 0.1251, 0.1249, 0.1249, 0.1249, 0.1250],
        [0.1249, 0.1249, 0.1250, 0.1250, 0.1249, 0.1252, 0.1249, 0.1251],
        [0.1251, 0.1247, 0.1252, 0.1250, 0.1251, 0.1250, 0.1249, 0.1251],
        [0.1249, 0.1252, 0.1250, 0.1250, 0.1249, 0.1248, 0.1251, 0.1250],
        [0.1248, 0.1251, 0.1249, 0.1249, 0.1250, 0.1249, 0.1250, 0.1252],
        [0.1250, 0.1251, 0.1249, 0.1250, 0.1251, 0.1249, 0.1250, 0.1250]],
       grad_fn=<SoftmaxBackward>)
tensor([0.3335, 0.3332, 0.3333], grad_fn=<SoftmaxBackward>)
10/14 03:00:14 PM train 000 9.488392e-01 66.796875 97.265625
10/14 03:01:13 PM train 050 8.545308e-01 69.523591 97.863051
10/14 03:02:07 PM train_acc 69.436000
10/14 03:02:08 PM epoch 9 lr 8.883191e-02
10/14 03:02:08 PM genotype = Genotype(normal=[('sep_conv_5x5', 1), ('skip_connect', 0), ('avg_pool_3x3', 2), ('avg_pool_3x3', 0), ('max_pool_3x3', 1), ('dil_conv_3x3', 2), ('dil_conv_5x5', 3), ('dil_conv_5x5', 0)], normal_concat=range(2, 6), reduce=[('max_pool_3x3', 0), ('dil_conv_5x5', 1), ('max_pool_3x3', 1), ('max_pool_3x3', 0), ('max_pool_3x3', 3), ('sep_conv_3x3', 0), ('avg_pool_3x3', 1), ('dil_conv_5x5', 3)], reduce_concat=range(2, 6))
tensor([[0.1250, 0.1249, 0.1252, 0.1252, 0.1249, 0.1251, 0.1249, 0.1249],
        [0.1249, 0.1250, 0.1251, 0.1249, 0.1250, 0.1252, 0.1250, 0.1249],
        [0.1249, 0.1251, 0.1252, 0.1249, 0.1250, 0.1250, 0.1249, 0.1251],
        [0.1251, 0.1248, 0.1251, 0.1250, 0.1250, 0.1249, 0.1250, 0.1251],
        [0.1251, 0.1251, 0.1253, 0.1249, 0.1250, 0.1248, 0.1250, 0.1249],
        [0.1250, 0.1250, 0.1251, 0.1249, 0.1251, 0.1250, 0.1250, 0.1249],
        [0.1249, 0.1252, 0.1251, 0.1250, 0.1250, 0.1250, 0.1250, 0.1248],
        [0.1251, 0.1250, 0.1251, 0.1251, 0.1250, 0.1246, 0.1252, 0.1249],
        [0.1251, 0.1249, 0.1252, 0.1250, 0.1250, 0.1251, 0.1249, 0.1248],
        [0.1248, 0.1251, 0.1249, 0.1251, 0.1249, 0.1252, 0.1248, 0.1252],
        [0.1250, 0.1251, 0.1248, 0.1249, 0.1250, 0.1252, 0.1250, 0.1250],
        [0.1249, 0.1250, 0.1251, 0.1251, 0.1250, 0.1250, 0.1251, 0.1248],
        [0.1251, 0.1249, 0.1248, 0.1248, 0.1251, 0.1249, 0.1251, 0.1252],
        [0.1251, 0.1250, 0.1250, 0.1250, 0.1250, 0.1249, 0.1250, 0.1250]],
       grad_fn=<SoftmaxBackward>)
tensor([[0.1248, 0.1252, 0.1251, 0.1250, 0.1250, 0.1250, 0.1251, 0.1248],
        [0.1250, 0.1251, 0.1249, 0.1250, 0.1250, 0.1251, 0.1248, 0.1251],
        [0.1250, 0.1252, 0.1250, 0.1249, 0.1251, 0.1249, 0.1251, 0.1248],
        [0.1249, 0.1252, 0.1249, 0.1249, 0.1251, 0.1251, 0.1251, 0.1250],
        [0.1250, 0.1252, 0.1249, 0.1248, 0.1251, 0.1249, 0.1249, 0.1251],
        [0.1249, 0.1249, 0.1250, 0.1250, 0.1252, 0.1250, 0.1251, 0.1248],
        [0.1249, 0.1250, 0.1249, 0.1250, 0.1251, 0.1249, 0.1252, 0.1249],
        [0.1250, 0.1248, 0.1251, 0.1250, 0.1251, 0.1250, 0.1250, 0.1249],
        [0.1250, 0.1252, 0.1251, 0.1251, 0.1249, 0.1249, 0.1249, 0.1250],
        [0.1249, 0.1249, 0.1250, 0.1250, 0.1249, 0.1252, 0.1249, 0.1251],
        [0.1251, 0.1247, 0.1252, 0.1250, 0.1251, 0.1250, 0.1249, 0.1251],
        [0.1249, 0.1252, 0.1250, 0.1250, 0.1249, 0.1248, 0.1251, 0.1250],
        [0.1248, 0.1251, 0.1249, 0.1249, 0.1250, 0.1249, 0.1250, 0.1252],
        [0.1250, 0.1251, 0.1249, 0.1250, 0.1251, 0.1249, 0.1250, 0.1250]],
       grad_fn=<SoftmaxBackward>)
tensor([0.3335, 0.3332, 0.3333], grad_fn=<SoftmaxBackward>)
10/14 03:02:10 PM train 000 8.499847e-01 66.406250 98.828125
10/14 03:03:08 PM train 050 8.237613e-01 70.082721 98.008578
10/14 03:04:03 PM train_acc 70.584000
10/14 03:04:03 PM epoch 10 lr 8.677504e-02
10/14 03:04:03 PM genotype = Genotype(normal=[('sep_conv_5x5', 1), ('skip_connect', 0), ('avg_pool_3x3', 2), ('avg_pool_3x3', 0), ('max_pool_3x3', 1), ('dil_conv_3x3', 2), ('dil_conv_5x5', 3), ('dil_conv_5x5', 0)], normal_concat=range(2, 6), reduce=[('max_pool_3x3', 0), ('dil_conv_5x5', 1), ('max_pool_3x3', 1), ('max_pool_3x3', 0), ('max_pool_3x3', 3), ('sep_conv_3x3', 0), ('avg_pool_3x3', 1), ('dil_conv_5x5', 3)], reduce_concat=range(2, 6))
tensor([[0.1250, 0.1249, 0.1252, 0.1252, 0.1249, 0.1251, 0.1249, 0.1249],
        [0.1249, 0.1250, 0.1251, 0.1249, 0.1250, 0.1252, 0.1250, 0.1249],
        [0.1249, 0.1251, 0.1252, 0.1249, 0.1250, 0.1250, 0.1249, 0.1251],
        [0.1251, 0.1248, 0.1251, 0.1250, 0.1250, 0.1249, 0.1250, 0.1251],
        [0.1251, 0.1251, 0.1253, 0.1249, 0.1250, 0.1248, 0.1250, 0.1249],
        [0.1250, 0.1250, 0.1251, 0.1249, 0.1251, 0.1250, 0.1250, 0.1249],
        [0.1249, 0.1252, 0.1251, 0.1250, 0.1250, 0.1250, 0.1250, 0.1248],
        [0.1251, 0.1250, 0.1251, 0.1251, 0.1250, 0.1246, 0.1252, 0.1249],
        [0.1251, 0.1249, 0.1252, 0.1250, 0.1250, 0.1251, 0.1249, 0.1248],
        [0.1248, 0.1251, 0.1249, 0.1251, 0.1249, 0.1252, 0.1248, 0.1252],
        [0.1250, 0.1251, 0.1248, 0.1249, 0.1250, 0.1252, 0.1250, 0.1250],
        [0.1249, 0.1250, 0.1251, 0.1251, 0.1250, 0.1250, 0.1251, 0.1248],
        [0.1251, 0.1249, 0.1248, 0.1248, 0.1251, 0.1249, 0.1251, 0.1252],
        [0.1251, 0.1250, 0.1250, 0.1250, 0.1250, 0.1249, 0.1250, 0.1250]],
       grad_fn=<SoftmaxBackward>)
tensor([[0.1248, 0.1252, 0.1251, 0.1250, 0.1250, 0.1250, 0.1251, 0.1248],
        [0.1250, 0.1251, 0.1249, 0.1250, 0.1250, 0.1251, 0.1248, 0.1251],
        [0.1250, 0.1252, 0.1250, 0.1249, 0.1251, 0.1249, 0.1251, 0.1248],
        [0.1249, 0.1252, 0.1249, 0.1249, 0.1251, 0.1251, 0.1251, 0.1250],
        [0.1250, 0.1252, 0.1249, 0.1248, 0.1251, 0.1249, 0.1249, 0.1251],
        [0.1249, 0.1249, 0.1250, 0.1250, 0.1252, 0.1250, 0.1251, 0.1248],
        [0.1249, 0.1250, 0.1249, 0.1250, 0.1251, 0.1249, 0.1252, 0.1249],
        [0.1250, 0.1248, 0.1251, 0.1250, 0.1251, 0.1250, 0.1250, 0.1249],
        [0.1250, 0.1252, 0.1251, 0.1251, 0.1249, 0.1249, 0.1249, 0.1250],
        [0.1249, 0.1249, 0.1250, 0.1250, 0.1249, 0.1252, 0.1249, 0.1251],
        [0.1251, 0.1247, 0.1252, 0.1250, 0.1251, 0.1250, 0.1249, 0.1251],
        [0.1249, 0.1252, 0.1250, 0.1250, 0.1249, 0.1248, 0.1251, 0.1250],
        [0.1248, 0.1251, 0.1249, 0.1249, 0.1250, 0.1249, 0.1250, 0.1252],
        [0.1250, 0.1251, 0.1249, 0.1250, 0.1251, 0.1249, 0.1250, 0.1250]],
       grad_fn=<SoftmaxBackward>)
tensor([0.3335, 0.3332, 0.3333], grad_fn=<SoftmaxBackward>)
10/14 03:04:05 PM train 000 8.402128e-01 71.875000 97.656250
10/14 03:05:03 PM train 050 7.862667e-01 72.257966 98.154105
10/14 03:05:58 PM train_acc 71.844000
10/14 03:05:58 PM epoch 11 lr 8.457574e-02
10/14 03:05:58 PM genotype = Genotype(normal=[('sep_conv_5x5', 1), ('skip_connect', 0), ('avg_pool_3x3', 2), ('avg_pool_3x3', 0), ('max_pool_3x3', 1), ('dil_conv_3x3', 2), ('dil_conv_5x5', 3), ('dil_conv_5x5', 0)], normal_concat=range(2, 6), reduce=[('max_pool_3x3', 0), ('dil_conv_5x5', 1), ('max_pool_3x3', 1), ('max_pool_3x3', 0), ('max_pool_3x3', 3), ('sep_conv_3x3', 0), ('avg_pool_3x3', 1), ('dil_conv_5x5', 3)], reduce_concat=range(2, 6))
tensor([[0.1250, 0.1249, 0.1252, 0.1252, 0.1249, 0.1251, 0.1249, 0.1249],
        [0.1249, 0.1250, 0.1251, 0.1249, 0.1250, 0.1252, 0.1250, 0.1249],
        [0.1249, 0.1251, 0.1252, 0.1249, 0.1250, 0.1250, 0.1249, 0.1251],
        [0.1251, 0.1248, 0.1251, 0.1250, 0.1250, 0.1249, 0.1250, 0.1251],
        [0.1251, 0.1251, 0.1253, 0.1249, 0.1250, 0.1248, 0.1250, 0.1249],
        [0.1250, 0.1250, 0.1251, 0.1249, 0.1251, 0.1250, 0.1250, 0.1249],
        [0.1249, 0.1252, 0.1251, 0.1250, 0.1250, 0.1250, 0.1250, 0.1248],
        [0.1251, 0.1250, 0.1251, 0.1251, 0.1250, 0.1246, 0.1252, 0.1249],
        [0.1251, 0.1249, 0.1252, 0.1250, 0.1250, 0.1251, 0.1249, 0.1248],
        [0.1248, 0.1251, 0.1249, 0.1251, 0.1249, 0.1252, 0.1248, 0.1252],
        [0.1250, 0.1251, 0.1248, 0.1249, 0.1250, 0.1252, 0.1250, 0.1250],
        [0.1249, 0.1250, 0.1251, 0.1251, 0.1250, 0.1250, 0.1251, 0.1248],
        [0.1251, 0.1249, 0.1248, 0.1248, 0.1251, 0.1249, 0.1251, 0.1252],
        [0.1251, 0.1250, 0.1250, 0.1250, 0.1250, 0.1249, 0.1250, 0.1250]],
       grad_fn=<SoftmaxBackward>)
tensor([[0.1248, 0.1252, 0.1251, 0.1250, 0.1250, 0.1250, 0.1251, 0.1248],
        [0.1250, 0.1251, 0.1249, 0.1250, 0.1250, 0.1251, 0.1248, 0.1251],
        [0.1250, 0.1252, 0.1250, 0.1249, 0.1251, 0.1249, 0.1251, 0.1248],
        [0.1249, 0.1252, 0.1249, 0.1249, 0.1251, 0.1251, 0.1251, 0.1250],
        [0.1250, 0.1252, 0.1249, 0.1248, 0.1251, 0.1249, 0.1249, 0.1251],
        [0.1249, 0.1249, 0.1250, 0.1250, 0.1252, 0.1250, 0.1251, 0.1248],
        [0.1249, 0.1250, 0.1249, 0.1250, 0.1251, 0.1249, 0.1252, 0.1249],
        [0.1250, 0.1248, 0.1251, 0.1250, 0.1251, 0.1250, 0.1250, 0.1249],
        [0.1250, 0.1252, 0.1251, 0.1251, 0.1249, 0.1249, 0.1249, 0.1250],
        [0.1249, 0.1249, 0.1250, 0.1250, 0.1249, 0.1252, 0.1249, 0.1251],
        [0.1251, 0.1247, 0.1252, 0.1250, 0.1251, 0.1250, 0.1249, 0.1251],
        [0.1249, 0.1252, 0.1250, 0.1250, 0.1249, 0.1248, 0.1251, 0.1250],
        [0.1248, 0.1251, 0.1249, 0.1249, 0.1250, 0.1249, 0.1250, 0.1252],
        [0.1250, 0.1251, 0.1249, 0.1250, 0.1251, 0.1249, 0.1250, 0.1250]],
       grad_fn=<SoftmaxBackward>)
tensor([0.3335, 0.3332, 0.3333], grad_fn=<SoftmaxBackward>)
10/14 03:06:00 PM train 000 7.747877e-01 74.609375 97.265625
10/14 03:06:58 PM train 050 7.460182e-01 73.690257 98.452819
10/14 03:07:53 PM train_acc 73.360000
10/14 03:07:53 PM epoch 12 lr 8.224271e-02
10/14 03:07:53 PM genotype = Genotype(normal=[('sep_conv_5x5', 1), ('skip_connect', 0), ('avg_pool_3x3', 2), ('avg_pool_3x3', 0), ('max_pool_3x3', 1), ('dil_conv_3x3', 2), ('dil_conv_5x5', 3), ('dil_conv_5x5', 0)], normal_concat=range(2, 6), reduce=[('max_pool_3x3', 0), ('dil_conv_5x5', 1), ('max_pool_3x3', 1), ('max_pool_3x3', 0), ('max_pool_3x3', 3), ('sep_conv_3x3', 0), ('avg_pool_3x3', 1), ('dil_conv_5x5', 3)], reduce_concat=range(2, 6))
tensor([[0.1250, 0.1249, 0.1252, 0.1252, 0.1249, 0.1251, 0.1249, 0.1249],
        [0.1249, 0.1250, 0.1251, 0.1249, 0.1250, 0.1252, 0.1250, 0.1249],
        [0.1249, 0.1251, 0.1252, 0.1249, 0.1250, 0.1250, 0.1249, 0.1251],
        [0.1251, 0.1248, 0.1251, 0.1250, 0.1250, 0.1249, 0.1250, 0.1251],
        [0.1251, 0.1251, 0.1253, 0.1249, 0.1250, 0.1248, 0.1250, 0.1249],
        [0.1250, 0.1250, 0.1251, 0.1249, 0.1251, 0.1250, 0.1250, 0.1249],
        [0.1249, 0.1252, 0.1251, 0.1250, 0.1250, 0.1250, 0.1250, 0.1248],
        [0.1251, 0.1250, 0.1251, 0.1251, 0.1250, 0.1246, 0.1252, 0.1249],
        [0.1251, 0.1249, 0.1252, 0.1250, 0.1250, 0.1251, 0.1249, 0.1248],
        [0.1248, 0.1251, 0.1249, 0.1251, 0.1249, 0.1252, 0.1248, 0.1252],
        [0.1250, 0.1251, 0.1248, 0.1249, 0.1250, 0.1252, 0.1250, 0.1250],
        [0.1249, 0.1250, 0.1251, 0.1251, 0.1250, 0.1250, 0.1251, 0.1248],
        [0.1251, 0.1249, 0.1248, 0.1248, 0.1251, 0.1249, 0.1251, 0.1252],
        [0.1251, 0.1250, 0.1250, 0.1250, 0.1250, 0.1249, 0.1250, 0.1250]],
       grad_fn=<SoftmaxBackward>)
tensor([[0.1248, 0.1252, 0.1251, 0.1250, 0.1250, 0.1250, 0.1251, 0.1248],
        [0.1250, 0.1251, 0.1249, 0.1250, 0.1250, 0.1251, 0.1248, 0.1251],
        [0.1250, 0.1252, 0.1250, 0.1249, 0.1251, 0.1249, 0.1251, 0.1248],
        [0.1249, 0.1252, 0.1249, 0.1249, 0.1251, 0.1251, 0.1251, 0.1250],
        [0.1250, 0.1252, 0.1249, 0.1248, 0.1251, 0.1249, 0.1249, 0.1251],
        [0.1249, 0.1249, 0.1250, 0.1250, 0.1252, 0.1250, 0.1251, 0.1248],
        [0.1249, 0.1250, 0.1249, 0.1250, 0.1251, 0.1249, 0.1252, 0.1249],
        [0.1250, 0.1248, 0.1251, 0.1250, 0.1251, 0.1250, 0.1250, 0.1249],
        [0.1250, 0.1252, 0.1251, 0.1251, 0.1249, 0.1249, 0.1249, 0.1250],
        [0.1249, 0.1249, 0.1250, 0.1250, 0.1249, 0.1252, 0.1249, 0.1251],
        [0.1251, 0.1247, 0.1252, 0.1250, 0.1251, 0.1250, 0.1249, 0.1251],
        [0.1249, 0.1252, 0.1250, 0.1250, 0.1249, 0.1248, 0.1251, 0.1250],
        [0.1248, 0.1251, 0.1249, 0.1249, 0.1250, 0.1249, 0.1250, 0.1252],
        [0.1250, 0.1251, 0.1249, 0.1250, 0.1251, 0.1249, 0.1250, 0.1250]],
       grad_fn=<SoftmaxBackward>)
tensor([0.3335, 0.3332, 0.3333], grad_fn=<SoftmaxBackward>)
10/14 03:07:55 PM train 000 7.232406e-01 73.828125 98.437500
10/14 03:08:54 PM train 050 7.107218e-01 74.548100 98.713235
10/14 03:09:48 PM train_acc 74.908000
10/14 03:09:48 PM epoch 13 lr 7.978514e-02
10/14 03:09:48 PM genotype = Genotype(normal=[('sep_conv_5x5', 1), ('skip_connect', 0), ('avg_pool_3x3', 2), ('avg_pool_3x3', 0), ('max_pool_3x3', 1), ('dil_conv_3x3', 2), ('dil_conv_5x5', 3), ('dil_conv_5x5', 0)], normal_concat=range(2, 6), reduce=[('max_pool_3x3', 0), ('dil_conv_5x5', 1), ('max_pool_3x3', 1), ('max_pool_3x3', 0), ('max_pool_3x3', 3), ('sep_conv_3x3', 0), ('avg_pool_3x3', 1), ('dil_conv_5x5', 3)], reduce_concat=range(2, 6))
tensor([[0.1250, 0.1249, 0.1252, 0.1252, 0.1249, 0.1251, 0.1249, 0.1249],
        [0.1249, 0.1250, 0.1251, 0.1249, 0.1250, 0.1252, 0.1250, 0.1249],
        [0.1249, 0.1251, 0.1252, 0.1249, 0.1250, 0.1250, 0.1249, 0.1251],
        [0.1251, 0.1248, 0.1251, 0.1250, 0.1250, 0.1249, 0.1250, 0.1251],
        [0.1251, 0.1251, 0.1253, 0.1249, 0.1250, 0.1248, 0.1250, 0.1249],
        [0.1250, 0.1250, 0.1251, 0.1249, 0.1251, 0.1250, 0.1250, 0.1249],
        [0.1249, 0.1252, 0.1251, 0.1250, 0.1250, 0.1250, 0.1250, 0.1248],
        [0.1251, 0.1250, 0.1251, 0.1251, 0.1250, 0.1246, 0.1252, 0.1249],
        [0.1251, 0.1249, 0.1252, 0.1250, 0.1250, 0.1251, 0.1249, 0.1248],
